
A	
21	
0x0002	
1363354907.788600	
1363354908.647235	
0.858635	
0	
129.173.67.123	
49180	
173.252.110.27	
443	
6	
8	
https	
8	
10	
303	
2062	
0	
139	
37.875000	
9.317114	
352.885681	
-0.111111	
-0.743763	
0	
10	
128	
128	
0	
0x00	
0x1c40	
0	
0x00_0x00000000	
7	
304	
0	
3	
2061	
0	
65535	
45864.628906	
0	
0	
2	
0	
0	
0x1f	
0x0005	
1	
6	
0x0000001e	
1460	
0	
0.170353	
0.170415	
0.170187	
0.170296	
0.170248	
0x42	
0x00000000_0x0000	
0.000000	
7	
1	
4	
0.000000	
139.000000	
37.875000	
0.000000	
0.000000	
82.000000	
82.000000	
0.000000	
139.000000	
54.478062	
54.478062	
0.973054	
-0.813543	
2.500000	
172.500000	
123.928574	
172.500000	
172.500000	
172.500000	
0.000000	
172.500000	
170.000000	
82.951508	
0.000000	
-0.948683	
-1.100000	
0_0.000000;0_0.170415;117_0.000371;0_0.171408;139_0.002493;47_0.170262;0_0.173558;0_0.170128	
0_0_1_5_3;0_170_4_5_5;47_170_1_1_5;117_0_1_1_3;139_0_1_1_3	
18.0	
2365.0	
00:1e:8c:f5:62:6f	
00:15:17:77:34:57	

B	
21	
0x0003	
1363354907.958953	
1363354908.647500	
0.688269	
0	
129.173.67.123	
49180	
173.252.110.27	
443	
6	
10	
https	
10	
8	
2062	
303	
0	
1460	
206.199997	
14.529203	
2995.921631	
0.111111	
0.743763	
0	
44113	
84	
84	
0	
0x00	
0x3840	
0	
0x00_0x00000000	
10	
2062	
0	
4	
303	
0	
7475200	
316803.656250	
14848	
15872	
1	
1	
1	
0x1b	
0x8003	
1	
6	
0x0000001e	
1460	
9	
0.000062	
0.170333	
0.000034	
0.000035	
0.000044	
0x02	
0x00000000_0x0000	
0.000000	
1	
7	
4	
0.000000	
1460.000000	
206.199997	
0.000000	
0.000000	
47.000000	
47.000000	
0.000000	
1460.000000	
445.885376	
34.841099	
2.190596	
3.310824	
2.500000	
172.500000	
78.055557	
2.500000	
87.500000	
172.500000	
170.000000	
2.500000	
170.000000	
89.597870	
89.597870	
0.223607	
-1.950000	
0_0.000000;0_0.170729;1460_0.001002;528_0.000076;0_0.172754;0_0.170222;47_0.000085;0_0.173302;27_0.000099;0_0.000000	
0_0_2_6_6;0_170_4_6_4;27_0_1_1_6;47_0_1_1_6;528_0_1_1_6;1460_0_1_1_6	
18.0	
2365.0	
00:15:17:77:34:57	
00:1e:8c:f5:62:6f	

A	
21	
0x0002	
1363354907.788600	
1363354908.647235	
0.858635	
0	
129.173.67.123	
49180	
173.252.110.27	
443	
6	
8	
https	
8	
10	
303	
2062	
0	
139	
37.875000	
9.317114	
352.885681	
-0.111111	
-0.743763	
0	
10	
128	
128	
0	
0x00	
0x1c40	
0	
0x00_0x00000000	
7	
304	
0	
3	
2061	
0	
65535	
45864.628906	
0	
0	
2	
0	
0	
0x1f	
0x0005	
1	
6	
0x0000001e	
1460	
0	
0.170353	
0.170415	
0.170187	
0.170296	
0.170248	
0x42	
0x00000000_0x0000	
0.000000	
7	
1	
4	
0.000000	
139.000000	
37.875000	
0.000000	
0.000000	
82.000000	
82.000000	
0.000000	
139.000000	
54.478062	
54.478062	
0.973054	
-0.813543	
2.500000	
172.500000	
123.928574	
172.500000	
172.500000	
172.500000	
0.000000	
172.500000	
170.000000	
82.951508	
0.000000	
-0.948683	
-1.100000	
0_0.000000;0_0.170415;117_0.000371;0_0.171408;139_0.002493;47_0.170262;0_0.173558;0_0.170128	
0_0_1_5_3;0_170_4_5_5;47_170_1_1_5;117_0_1_1_3;139_0_1_1_3	
18.0	
2365.0	
00:1e:8c:f5:62:6f	
00:15:17:77:34:57	

B	
21	
0x0003	
1363354907.958953	
1363354908.647222	
0.688269	
0	
173.252.110.27	
443	
129.173.67.123	
49180	
6	
10	
https	
10	
8	
2062	
303	
0	
1460	
206.199997	
14.529203	
2995.921631	
0.111111	
0.743763	
0	
44113	
84	
84	
0	
0x00	
0x3840	
0	
0x00_0x00000000	
10	
2062	
0	
4	
303	
0	
7475200	
316803.656250	
14848	
15872	
1	
1	
1	
0x1b	
0x8003	
1	
6	
0x0000001e	
1460	
9	
0.000062	
0.170333	
0.000034	
0.000035	
0.000044	
0x02	
0x00000000_0x0000	
0.000000	
1	
7	
4	
0.000000	
1460.000000	
206.199997	
0.000000	
0.000000	
47.000000	
47.000000	
0.000000	
1460.000000	
445.885376	
34.841099	
2.190596	
3.310824	
2.500000	
172.500000	
78.055557	
2.500000	
87.500000	
172.500000	
170.000000	
2.500000	
170.000000	
89.597870	
89.597870	
0.223607	
-1.950000	
0_0.000000;0_0.170729;1460_0.001002;528_0.000076;0_0.172754;0_0.170222;47_0.000085;0_0.173302;27_0.000099;0_0.000000	
0_0_2_6_6;0_170_4_6_4;27_0_1_1_6;47_0_1_1_6;528_0_1_1_6;1460_0_1_1_6	
18.0	
2365.0	
00:15:17:77:34:57	
00:1e:8c:f5:62:6f	

A	
20	
0x0002	
1363354907.788600	
1363354908.672081	
0.883481	
0	
129.173.67.123	
49179	
173.252.110.27	
443	
6	
8	
https	
8	
10	
303	
2062	
0	
139	
37.875000	
9.055090	
342.961548	
-0.111111	
-0.743763	
0	
10	
128	
128	
0	
0x00	
0x1c40	
0	
0x00_0x00000000	
7	
304	
0	
3	
2061	
0	
65535	
45864.628906	
0	
0	
2	
0	
0	
0x1f	
0x0005	
1	
6	
0x0000001e	
1460	
0	
0.175171	
0.175218	
0.175263	
0.175389	
0.175277	
0x42	
0x00000000_0x0000	
0.000000	
7	
1	
3	
0.000000	
139.000000	
37.875000	
0.000000	
0.000000	
82.000000	
82.000000	
0.000000	
139.000000	
54.478062	
54.478062	
0.973054	
-0.813543	
2.500000	
177.500000	
127.500000	
177.500000	
177.500000	
177.500000	
0.000000	
177.500000	
175.000000	
85.391258	
0.000000	
-0.948683	
-1.100000	
0_0.000000;0_0.175218;117_0.000320;0_0.176350;139_0.002520;47_0.175407;0_0.178626;0_0.175040	
0_0_1_5_3;0_175_4_5_5;47_175_1_1_5;117_0_1_1_3;139_0_1_1_3	
18.0	
2365.0	
00:1e:8c:f5:62:6f	
00:15:17:77:34:57	

B	
20	
0x0003	
1363354907.963771	
1363354908.672099	
0.708328	
0	
173.252.110.27	
443	
129.173.67.123	
49179	
6	
10	
https	
10	
8	
2062	
303	
0	
1460	
206.199997	
14.117753	
2911.080811	
0.111111	
0.743763	
0	
62025	
84	
84	
0	
0x00	
0x1840	
0	
0x00_0x00000000	
10	
2062	
0	
4	
303	
0	
7475200	
316803.656250	
14848	
15872	
1	
1	
1	
0x1b	
0x8003	
1	
6	
0x0000001e	
1460	
9	
0.000047	
0.175318	
0.000018	
0.000029	
0.000031	
0x12	
0x00000000_0x0000	
0.000000	
1	
7	
3	
0.000000	
1460.000000	
206.199997	
0.000000	
0.000000	
47.000000	
47.000000	
0.000000	
1460.000000	
445.885376	
34.841099	
2.190596	
3.310824	
2.500000	
177.500000	
80.277779	
2.500000	
90.000000	
177.500000	
175.000000	
2.500000	
175.000000	
92.233101	
92.233101	
0.223607	
-1.950000	
0_0.000000;0_0.175658;1460_0.000992;528_0.000038;0_0.177938;0_0.175281;47_0.000151;0_0.178187;27_0.000051;0_0.000032	
0_0_2_6_6;0_175_4_6_4;27_0_1_1_6;47_0_1_1_6;528_0_1_1_6;1460_0_1_1_6	
18.0	
2365.0	
00:15:17:77:34:57	
00:1e:8c:f5:62:6f	

A	
75	
0x0002	
1363354912.287865	
1363354912.599587	
0.311722	
0	
129.173.67.123	
49201	
65.55.114.223	
443	
6	
8	
https	
8	
10	
459	
4963	
0	
267	
57.375000	
25.663893	
1472.465820	
-0.111111	
-0.830690	
0	
4	
128	
128	
0	
0x00	
0x1c40	
0	
0x00_0x00000000	
7	
459	
0	
4	
4962	
0	
65535	
65173.687500	
64953	
0	
2	
0	
0	
0x1b	
0x0001	
1	
6	
0x0000001e	
1460	
0	
0.039021	
0.039069	
0.000111	
0.138595	
0.059962	
0x02	
0x00000000_0x0000	
0.000000	
14	
1	
4	
0.000000	
267.000000	
57.375000	
0.000000	
0.000000	
96.000000	
96.000000	
0.000000	
267.000000	
89.629707	
71.164795	
1.472935	
0.869637	
2.500000	
137.500000	
45.357143	
37.500000	
42.500000	
52.500000	
15.000000	
2.500000	
135.000000	
45.263779	
11.119500	
1.212704	
0.652024	
0_0.000000;0_0.039069;117_0.000241;0_0.041732;0_0.000123;267_0.041194;75_0.138618;0_0.050745	
0_0_2_5_3;0_35_1_5_1;0_40_1_5_2;0_50_1_5_1;75_135_1_1_1;117_0_1_1_3;267_40_1_1_2	
18.0	
5422.0	
00:1e:8c:f5:62:6f	
00:15:17:77:34:57	

B	
75	
0x0003	
1363354912.326886	
1363354912.638908	
0.312022	
0	
65.55.114.223	
443	
129.173.67.123	
49201	
6	
10	
https	
10	
8	
4963	
459	
0	
1460	
496.299988	
32.049023	
15905.929688	
0.111111	
0.830690	
0	
6325	
246	
246	
0	
0x00	
0x3844	
0	
0x00_0x00000000	
10	
4963	
0	
4	
460	
0	
4380	
4744.446777	
4294967295	
4839	
0	
3	
3	
0x1e	
0x8006	
1	
4	
0x0000001e	
1460	
0	
0.000048	
0.074013	
0.000012	
0.002020	
0.000504	
0x42	
0x00000000_0x0000	
0.000000	
1	
14	
4	
0.000000	
1460.000000	
496.299988	
0.000000	
30.000000	
1460.000000	
1460.000000	
0.000000	
1460.000000	
648.742920	
648.742920	
0.729182	
-1.347544	
2.500000	
142.500000	
35.833332	
2.500000	
37.500000	
47.500000	
45.000000	
2.500000	
140.000000	
44.930500	
33.358498	
1.564643	
1.640096	
0_0.000000;1460_0.041918;1460_0.000084;1460_0.000130;1_0.000000;523_0.039186;0_0.140615;59_0.039664;0_0.050137;0_0.000288	
0_0_2_4_5;0_50_1_4_1;0_140_1_4_1;1_0_1_1_5;59_35_1_1_2;523_35_1_1_2;1460_0_2_3_5;1460_40_1_3_1	
18.0	
5422.0	
00:15:17:77:34:57	
00:1e:8c:f5:62:6f	

A	
76	
0x0002	
1363354912.323561	
1363354912.638988	
0.315427	
0	
129.173.67.123	
49202	
65.55.114.223	
443	
6	
8	
https	
8	
10	
587	
4963	
0	
267	
73.375000	
25.362446	
1860.969360	
-0.111111	
-0.788468	
0	
4	
128	
128	
0	
0x00	
0x1c40	
0	
0x00_0x00000000	
7	
587	
0	
4	
4962	
0	
65535	
65173.687500	
64953	
0	
2	
0	
0	
0x1b	
0x0001	
1	
6	
0x0000001e	
1460	
0	
0.039241	
0.039313	
0.000105	
0.139364	
0.060400	
0x02	
0x00000000_0x0000	
0.000000	
15	
1	
3	
0.000000	
267.000000	
73.375000	
0.000000	
0.000000	
160.000000	
160.000000	
0.000000	
267.000000	
101.928818	
101.928818	
0.890588	
-0.873348	
2.500000	
137.500000	
45.357143	
37.500000	
42.500000	
52.500000	
15.000000	
2.500000	
135.000000	
45.263779	
11.119500	
1.212704	
0.652024	
0_0.000000;0_0.039313;117_0.000232;0_0.044318;0_0.000118;267_0.041122;203_0.139382;0_0.050942	
0_0_2_5_3;0_35_1_5_1;0_40_1_5_2;0_50_1_5_1;117_0_1_1_3;203_135_1_1_1;267_40_1_1_2	
18.0	
5550.0	
00:1e:8c:f5:62:6f	
00:15:17:77:34:57	

B	
76	
0x0003	
1363354912.362802	
1363354912.678493	
0.315691	
0	
65.55.114.223	
443	
129.173.67.123	
49202	
6	
10	
https	
10	
8	
4963	
587	
0	
1460	
496.299988	
31.676544	
15721.069336	
0.111111	
0.788468	
0	
5872	
246	
246	
0	
0x00	
0x1840	
0	
0x00_0x00000000	
10	
4963	
0	
4	
588	
0	
4380	
4828.542969	
4294967295	
4967	
0	
3	
3	
0x1e	
0x8006	
1	
4	
0x0000001e	
1460	
0	
0.000072	
0.074557	
0.000012	
0.001940	
0.000486	
0x42	
0x00000000_0x0000	
0.000000	
1	
15	
3	
0.000000	
1460.000000	
496.299988	
0.000000	
30.000000	
1460.000000	
1460.000000	
0.000000	
1460.000000	
648.742920	
648.742920	
0.729182	
-1.347544	
2.500000	
142.500000	
35.833332	
2.500000	
37.500000	
47.500000	
45.000000	
2.500000	
140.000000	
44.930500	
33.358498	
1.564643	
1.640096	
0_0.000000;1460_0.044531;1460_0.000071;1460_0.000125;1_0.000001;523_0.039194;0_0.141304;59_0.039910;0_0.050211;0_0.000344	
0_0_2_4_5;0_50_1_4_1;0_140_1_4_1;1_0_1_1_5;59_35_1_1_2;523_35_1_1_2;1460_0_2_3_5;1460_40_1_3_1	
18.0	
5550.0	
00:15:17:77:34:57	
00:1e:8c:f5:62:6f	

A	
6	
0x0002	
1363354906.832202	
1363354906.949356	
0.117154	
0	
129.173.67.123	
49171	
74.125.226.201	
80	
6	
5	
http	
5	
4	
108	
321	
0	
108	
21.600000	
42.678867	
921.863525	
0.111111	
-0.496504	
0	
6	
128	
128	
0	
0x00	
0x1c40	
0	
0x00_0x00000000	
4	
109	
0	
2	
321	
0	
65535	
65371.289062	
65214	
0	
1	
0	
0	
0x1b	
0x0001	
1	
6	
0x0000001e	
1460	
0	
0.033140	
0.033208	
0.033508	
0.033508	
0.033287	
0x00	
0x00000000_0x0000	
0.000000	
20	
1	
2	
0.000000	
108.000000	
21.600000	
0.000000	
0.000000	
27.000000	
27.000000	
0.000000	
108.000000	
43.200001	
20.015100	
1.500000	
0.250000	
2.500000	
47.500000	
28.750000	
32.500000	
32.500000	
47.500000	
15.000000	
32.500000	
45.000000	
18.874586	
11.119500	
-0.652024	
-0.903047	
0_0.000000;0_0.033208;108_0.000399;0_0.049246;0_0.034301	
0_0_1_4_2;0_30_2_4_2;0_45_1_4_1;108_0_1_1_2	
9.0	
429.0	
00:1e:8c:f5:62:6f	
00:15:17:77:34:57	

B	
6	
0x0003	
1363354906.865342	
1363354906.949298	
0.083956	
0	
74.125.226.201	
80	
129.173.67.123	
49171	
6	
4	
http	
4	
5	
321	
108	
0	
321	
80.250000	
47.644005	
3823.431396	
-0.111111	
0.496504	
0	
2	
56	
56	
0	
0x00	
0x1800	
0	
0x00_0x00000000	
4	
321	
0	
2	
108	
0	
4026880	
1422595.000000	
62976	
0	
1	
0	
0	
0x1b	
0x0003	
1	
6	
0x0000001e	
1430	
6	
0.000068	
0.000000	
65535.000000	
0.000000	
0.000068	
0x00	
0x00000000_0x0000	
0.000000	
1	
20	
2	
0.000000	
321.000000	
80.250000	
0.000000	
0.000000	
160.500000	
160.500000	
0.000000	
321.000000	
138.997070	
118.978645	
1.154701	
-0.666667	
17.500000	
32.500000	
27.500000	
32.500000	
32.500000	
32.500000	
0.000000	
32.500000	
15.000000	
8.660254	
0.000000	
-0.707107	
-1.500000	
0_0.000000;0_0.033975;321_0.015335;0_0.034646	
0_0_1_3_1;0_30_2_3_2;321_15_1_1_1	
9.0	
429.0	
00:15:17:77:34:57	
00:1e:8c:f5:62:6f	

A	
7	
0x0002	
1363354906.838616	
1363354906.955524	
0.116908	
0	
129.173.67.123	
49172	
74.125.226.201	
80	
6	
5	
http	
5	
4	
108	
321	
0	
108	
21.600000	
42.768673	
923.803345	
0.111111	
-0.496504	
0	
5	
128	
128	
0	
0x00	
0x1c40	
0	
0x00_0x00000000	
4	
109	
0	
2	
321	
0	
65535	
65371.289062	
65214	
0	
1	
0	
0	
0x1b	
0x0001	
1	
6	
0x0000001e	
1460	
0	
0.033165	
0.033210	
0.033467	
0.033467	
0.033286	
0x00	
0x00000000_0x0000	
0.000000	
20	
1	
1	
0.000000	
108.000000	
21.600000	
0.000000	
0.000000	
27.000000	
27.000000	
0.000000	
108.000000	
43.200001	
20.015100	
1.500000	
0.250000	
2.500000	
47.500000	
28.750000	
32.500000	
32.500000	
47.500000	
15.000000	
32.500000	
45.000000	
18.874586	
11.119500	
-0.652024	
-0.903047	
0_0.000000;0_0.033210;108_0.000374;0_0.049742;0_0.033582	
0_0_1_4_2;0_30_2_4_2;0_45_1_4_1;108_0_1_1_2	
9.0	
429.0	
00:1e:8c:f5:62:6f	
00:15:17:77:34:57	

B	
7	
0x0003	
1363354906.871781	
1363354906.955485	
0.083704	
0	
74.125.226.201	
80	
129.173.67.123	
49172	
6	
4	
http	
4	
5	
321	
108	
0	
321	
80.250000	
47.787441	
3834.942139	
-0.111111	
0.496504	
0	
2	
56	
56	
0	
0x00	
0x1800	
0	
0x00_0x00000000	
4	
321	
0	
2	
108	
0	
4026880	
1422595.000000	
62976	
0	
1	
0	
0	
0x1b	
0x0003	
1	
6	
0x0000001e	
1430	
6	
0.000045	
0.000000	
65535.000000	
0.000000	
0.000045	
0x00	
0x00000000_0x0000	
0.000000	
1	
20	
1	
0.000000	
321.000000	
80.250000	
0.000000	
0.000000	
160.500000	
160.500000	
0.000000	
321.000000	
138.997070	
118.978645	
1.154701	
-0.666667	
17.500000	
32.500000	
27.500000	
32.500000	
32.500000	
32.500000	
0.000000	
32.500000	
15.000000	
8.660254	
0.000000	
-0.707107	
-1.500000	
0_0.000000;0_0.033886;321_0.015816;0_0.034002	
0_0_1_3_1;0_30_2_3_2;321_15_1_1_1	
9.0	
429.0	
00:15:17:77:34:57	
00:1e:8c:f5:62:6f	

A	
10	
0x0002	
1363354906.920078	
1363354907.076837	
0.156759	
0	
129.173.67.123	
49173	
74.125.26.103	
80	
6	
5	
http	
5	
4	
112	
764	
0	
112	
22.400000	
31.896095	
714.472534	
0.111111	
-0.744292	
0	
6	
128	
128	
0	
0x00	
0x1c40	
0	
0x00_0x00000000	
4	
113	
0	
2	
764	
0	
65535	
65145.359375	
64771	
0	
1	
0	
0	
0x1b	
0x0001	
1	
6	
0x0000001e	
1460	
0	
0.050741	
0.050797	
0.050948	
0.050948	
0.050824	
0x00	
0x00000000_0x0000	
0.000000	
19	
1	
2	
0.000000	
112.000000	
22.400000	
0.000000	
0.000000	
28.000000	
28.000000	
0.000000	
112.000000	
44.799999	
20.756399	
1.500000	
0.250000	
2.500000	
57.500000	
41.250000	
52.500000	
52.500000	
57.500000	
5.000000	
52.500000	
55.000000	
25.940638	
3.706500	
-1.125577	
-0.687115	
0_0.000000;0_0.050797;112_0.000110;0_0.055155;0_0.050697	
0_0_1_4_2;0_50_2_4_2;0_55_1_4_1;112_0_1_1_2	
9.0	
876.0	
00:1e:8c:f5:62:6f	
00:15:17:77:34:57	

B	
10	
0x0003	
1363354906.970819	
1363354907.076787	
0.105968	
0	
74.125.26.103	
80	
129.173.67.123	
49173	
6	
4	
http	
4	
5	
764	
112	
0	
764	
191.000000	
37.747246	
7209.723633	
-0.111111	
0.744292	
0	
1	
43	
43	
0	
0x00	
0x1800	
0	
0x00_0x00000000	
4	
764	
0	
2	
112	
0	
4026880	
1422595.000000	
62976	
0	
1	
0	
0	
0x1b	
0x0003	
1	
6	
0x0000001e	
1430	
6	
0.000056	
0.000000	
65535.000000	
0.000000	
0.000056	
0x00	
0x00000000_0x0000	
0.000000	
1	
19	
2	
0.000000	
764.000000	
191.000000	
0.000000	
0.000000	
382.000000	
382.000000	
0.000000	
764.000000	
330.821716	
283.176605	
1.154701	
-0.666667	
2.500000	
52.500000	
35.833332	
52.500000	
52.500000	
52.500000	
0.000000	
52.500000	
50.000000	
28.867514	
0.000000	
-0.707107	
-1.500000	
0_0.000000;0_0.051114;764_0.002677;0_0.052177	
0_0_1_3_2;0_50_2_3_2;764_0_1_1_2	
9.0	
876.0	
00:15:17:77:34:57	
00:1e:8c:f5:62:6f	

A	
11	
0x0002	
1363354906.925369	
1363354907.077095	
0.151726	
0	
129.173.67.123	
49174	
74.125.26.103	
80	
6	
5	
http	
5	
4	
112	
764	
0	
112	
22.400000	
32.954140	
738.172729	
0.111111	
-0.744292	
0	
6	
128	
128	
0	
0x00	
0x1c40	
0	
0x00_0x00000000	
4	
113	
0	
2	
764	
0	
65535	
65145.359375	
64771	
0	
1	
0	
0	
0x1b	
0x0001	
1	
6	
0x0000001e	
1460	
0	
0.049405	
0.049438	
0.049662	
0.049662	
0.049508	
0x00	
0x00000000_0x0000	
0.000000	
19	
1	
1	
0.000000	
112.000000	
22.400000	
0.000000	
0.000000	
28.000000	
28.000000	
0.000000	
112.000000	
44.799999	
20.756399	
1.500000	
0.250000	
2.500000	
52.500000	
37.500000	
47.500000	
47.500000	
52.500000	
5.000000	
47.500000	
50.000000	
23.452078	
3.706500	
-1.119014	
-0.691460	
0_0.000000;0_0.049438;112_0.000142;0_0.052936;0_0.049210	
0_0_1_4_2;0_45_2_4_2;0_50_1_4_1;112_0_1_1_2	
9.0	
876.0	
00:1e:8c:f5:62:6f	
00:15:17:77:34:57	

B	
11	
0x0003	
1363354906.974774	
1363354907.077060	
0.102286	
0	
74.125.26.103	
80	
129.173.67.123	
49174	
6	
4	
http	
4	
5	
764	
112	
0	
764	
191.000000	
39.106037	
7469.252930	
-0.111111	
0.744292	
0	
1	
43	
43	
0	
0x00	
0x1800	
0	
0x00_0x00000000	
4	
764	
0	
2	
112	
0	
4026880	
1422595.000000	
62976	
0	
1	
0	
0	
0x1b	
0x0003	
1	
6	
0x0000001e	
1430	
6	
0.000033	
0.000000	
65535.000000	
0.000000	
0.000033	
0x00	
0x00000000_0x0000	
0.000000	
1	
19	
1	
0.000000	
764.000000	
191.000000	
0.000000	
0.000000	
382.000000	
382.000000	
0.000000	
764.000000	
330.821716	
283.176605	
1.154701	
-0.666667	
2.500000	
47.500000	
32.500000	
47.500000	
47.500000	
47.500000	
0.000000	
47.500000	
45.000000	
25.980762	
0.000000	
-0.707107	
-1.500000	
0_0.000000;0_0.049837;764_0.002680;0_0.049769	
0_0_1_3_2;0_45_2_3_2;764_0_1_1_2	
9.0	
876.0	
00:15:17:77:34:57	
00:1e:8c:f5:62:6f	

A	
14	
0x0002	
1363354907.030018	
1363354907.191198	
0.161180	
0	
129.173.67.123	
49175	
173.194.75.94	
80	
6	
5	
http	
5	
4	
111	
762	
0	
111	
22.200001	
31.021219	
688.671021	
0.111111	
-0.745704	
0	
4	
128	
128	
0	
0x00	
0x1c40	
0	
0x00_0x00000000	
4	
112	
0	
2	
762	
0	
65535	
65146.378906	
64773	
0	
1	
0	
0	
0x1b	
0x0001	
1	
6	
0x0000001e	
1460	
0	
0.049543	
0.049590	
0.049658	
0.049658	
0.049589	
0x00	
0x00000000_0x0000	
0.000000	
19	
1	
2	
0.000000	
111.000000	
22.200001	
0.000000	
0.000000	
27.750000	
27.750000	
0.000000	
111.000000	
44.400002	
20.571075	
1.500000	
0.250000	
2.500000	
62.500000	
40.000000	
47.500000	
47.500000	
62.500000	
15.000000	
47.500000	
60.000000	
25.980762	
11.119500	
-0.888889	
-0.814815	
0_0.000000;0_0.049590;111_0.000137;0_0.062108;0_0.049345	
0_0_1_4_2;0_45_2_4_2;0_60_1_4_1;111_0_1_1_2	
9.0	
873.0	
00:1e:8c:f5:62:6f	
00:15:17:77:34:57	

B	
14	
0x0003	
1363354907.079561	
1363354907.191121	
0.111560	
0	
173.194.75.94	
80	
129.173.67.123	
49175	
6	
4	
http	
4	
5	
762	
111	
0	
762	
190.500000	
35.855145	
6830.405273	
-0.111111	
0.745704	
0	
2	
47	
47	
0	
0x00	
0x1800	
0	
0x00_0x00000000	
4	
762	
0	
2	
111	
0	
4026880	
1422595.000000	
62976	
0	
1	
0	
0	
0x1b	
0x0003	
1	
6	
0x0000001e	
1430	
6	
0.000047	
0.000000	
65535.000000	
0.000000	
0.000047	
0x00	
0x00000000_0x0000	
0.000000	
1	
19	
2	
0.000000	
762.000000	
190.500000	
0.000000	
0.000000	
381.000000	
381.000000	
0.000000	
762.000000	
329.955688	
282.435303	
1.154701	
-0.666667	
12.500000	
47.500000	
35.833332	
47.500000	
47.500000	
47.500000	
0.000000	
47.500000	
35.000000	
20.207260	
0.000000	
-0.707107	
-1.500000	
0_0.000000;0_0.049842;762_0.011733;0_0.049985	
0_0_1_3_1;0_45_2_3_2;762_10_1_1_1	
9.0	
873.0	
00:15:17:77:34:57	
00:1e:8c:f5:62:6f	

A	
15	
0x0002	
1363354907.030083	
1363354907.193124	
0.163041	
0	
129.173.67.123	
49176	
173.194.75.94	
80	
6	
5	
http	
5	
4	
111	
762	
0	
111	
22.200001	
30.667133	
680.810364	
0.111111	
-0.745704	
0	
5	
128	
128	
0	
0x00	
0x1c40	
0	
0x00_0x00000000	
4	
112	
0	
2	
762	
0	
65535	
65146.378906	
64773	
0	
1	
0	
0	
0x1b	
0x0001	
1	
6	
0x0000001e	
1460	
0	
0.050142	
0.050185	
0.050354	
0.050354	
0.050227	
0x00	
0x00000000_0x0000	
0.000000	
19	
1	
1	
0.000000	
111.000000	
22.200001	
0.000000	
0.000000	
27.750000	
27.750000	
0.000000	
111.000000	
44.400002	
20.571075	
1.500000	
0.250000	
2.500000	
62.500000	
42.500000	
52.500000	
52.500000	
62.500000	
10.000000	
52.500000	
60.000000	
27.080128	
7.413000	
-1.046622	
-0.735537	
0_0.000000;0_0.050185;111_0.000182;0_0.062485;0_0.050189	
0_0_1_4_2;0_50_2_4_2;0_60_1_4_1;111_0_1_1_2	
9.0	
873.0	
00:1e:8c:f5:62:6f	
00:15:17:77:34:57	

B	
15	
0x0003	
1363354907.080225	
1363354907.193081	
0.112856	
0	
173.194.75.94	
80	
129.173.67.123	
49176	
6	
4	
http	
4	
5	
762	
111	
0	
762	
190.500000	
35.443398	
6751.967285	
-0.111111	
0.745704	
0	
2	
47	
47	
0	
0x00	
0x1800	
0	
0x00_0x00000000	
4	
762	
0	
2	
111	
0	
4026880	
1422595.000000	
62976	
0	
1	
0	
0	
0x1b	
0x0003	
1	
6	
0x0000001e	
1430	
6	
0.000043	
0.000000	
65535.000000	
0.000000	
0.000043	
0x00	
0x00000000_0x0000	
0.000000	
1	
19	
1	
0.000000	
762.000000	
190.500000	
0.000000	
0.000000	
381.000000	
381.000000	
0.000000	
762.000000	
329.955688	
282.435303	
1.154701	
-0.666667	
12.500000	
52.500000	
39.166668	
52.500000	
52.500000	
52.500000	
0.000000	
52.500000	
40.000000	
23.094011	
0.000000	
-0.707107	
-1.500000	
0_0.000000;0_0.050579;762_0.011250;0_0.051027	
0_0_1_3_1;0_50_2_3_2;762_10_1_1_1	
9.0	
873.0	
00:15:17:77:34:57	
00:1e:8c:f5:62:6f	

A	
18	
0x0002	
1363354907.263427	
1363354907.850647	
0.587220	
0	
129.173.67.123	
49177	
173.252.110.27	
80	
6	
5	
http	
5	
5	
110	
233	
0	
110	
22.000000	
8.514696	
187.323318	
0.000000	
-0.358601	
0	
4	
128	
128	
0	
0x00	
0x1c40	
0	
0x00_0x00000000	
4	
111	
0	
2	
233	
0	
65535	
65416.171875	
65302	
0	
1	
0	
0	
0x1b	
0x0001	
1	
6	
0x0000001e	
1460	
0	
0.170348	
0.170425	
0.170376	
0.170376	
0.170359	
0x00	
0x00000000_0x0000	
0.000000	
18	
1	
2	
0.000000	
110.000000	
22.000000	
0.000000	
0.000000	
27.500000	
27.500000	
0.000000	
110.000000	
44.000000	
20.385750	
1.500000	
0.250000	
2.500000	
245.000000	
148.125000	
172.500000	
172.500000	
245.000000	
72.500000	
172.500000	
242.500000	
102.923416	
53.744247	
-0.759040	
-0.867212	
0_0.000000;0_0.170425;110_0.000410;0_0.246169;0_0.170216	
0_0_1_4_2;0_170_2_4_2;0_240_1_4_1;110_0_1_1_2	
10.0	
343.0	
00:1e:8c:f5:62:6f	
00:15:17:77:34:57	

B	
18	
0x0003	
1363354907.433775	
1363354907.850581	
0.416806	
0	
173.252.110.27	
80	
129.173.67.123	
49177	
6	
5	
http	
5	
5	
233	
110	
0	
233	
46.599998	
11.995989	
559.013062	
0.000000	
0.358601	
0	
45017	
84	
84	
0	
0x00	
0x1840	
0	
0x00_0x00000000	
5	
233	
0	
2	
110	
0	
7475200	
1806078.500000	
14848	
0	
1	
0	
0	
0x1b	
0x0003	
1	
6	
0x0000001e	
1460	
9	
0.000077	
0.000000	
65535.000000	
0.000000	
0.000077	
0x00	
0x00000000_0x0000	
0.000000	
1	
18	
2	
0.000000	
233.000000	
46.599998	
0.000000	
0.000000	
58.250000	
58.250000	
0.000000	
233.000000	
93.199997	
43.180725	
1.500000	
0.250000	
2.500000	
172.500000	
106.250000	
77.500000	
172.500000	
172.500000	
95.000000	
172.500000	
170.000000	
82.398926	
70.423500	
-0.384577	
-1.504881	
0_0.000000;0_0.170863;233_0.075313;0_0.170629;0_0.000001	
0_0_2_4_2;0_170_2_4_2;233_75_1_1_1	
10.0	
343.0	
00:15:17:77:34:57	
00:1e:8c:f5:62:6f	

A	
19	
0x0002	
1363354907.285963	
1363354907.886170	
0.600207	
0	
129.173.67.123	
49178	
173.252.110.27	
80	
6	
5	
http	
5	
5	
110	
233	
0	
110	
22.000000	
8.330460	
183.270111	
0.000000	
-0.358601	
0	
4	
128	
128	
0	
0x00	
0x1c40	
0	
0x00_0x00000000	
4	
111	
0	
2	
233	
0	
65535	
65416.171875	
65302	
0	
1	
0	
0	
0x1b	
0x0001	
1	
6	
0x0000001e	
1460	
0	
0.175013	
0.175064	
0.175087	
0.175087	
0.175043	
0x00	
0x00000000_0x0000	
0.000000	
18	
1	
1	
0.000000	
110.000000	
22.000000	
0.000000	
0.000000	
27.500000	
27.500000	
0.000000	
110.000000	
44.000000	
20.385750	
1.500000	
0.250000	
2.500000	
245.000000	
149.375000	
172.500000	
177.500000	
245.000000	
72.500000	
2.500000	
242.500000	
103.347618	
53.744247	
-0.787845	
-0.857646	
0_0.000000;0_0.175064;110_0.000426;0_0.249872;0_0.174845	
0_0_1_4_2;0_170_1_4_1;0_175_1_4_1;0_240_1_4_1;110_0_1_1_2	
10.0	
343.0	
00:1e:8c:f5:62:6f	
00:15:17:77:34:57	

B	
19	
0x0003	
1363354907.460976	
1363354907.886100	
0.425124	
0	
173.252.110.27	
80	
129.173.67.123	
49178	
6	
5	
http	
5	
5	
233	
110	
0	
233	
46.599998	
11.761274	
548.075378	
0.000000	
0.358601	
0	
13013	
84	
84	
0	
0x00	
0x1840	
0	
0x00_0x00000000	
5	
233	
0	
2	
110	
0	
7475200	
1806078.500000	
14848	
0	
1	
0	
0	
0x1b	
0x0003	
1	
6	
0x0000001e	
1460	
9	
0.000051	
0.000000	
65535.000000	
0.000000	
0.000051	
0x00	
0x00000000_0x0000	
0.000000	
1	
18	
1	
0.000000	
233.000000	
46.599998	
0.000000	
0.000000	
58.250000	
58.250000	
0.000000	
233.000000	
93.199997	
43.180725	
1.500000	
0.250000	
2.500000	
177.500000	
107.500000	
72.500000	
177.500000	
177.500000	
105.000000	
177.500000	
175.000000	
85.732140	
77.836502	
-0.314270	
-1.592593	
0_0.000000;0_0.175564;233_0.074425;0_0.175134;0_0.000001	
0_0_2_4_2;0_175_2_4_2;233_70_1_1_1	
10.0	
343.0	
00:15:17:77:34:57	
00:1e:8c:f5:62:6f	

A	
24	
0x0002	
1363354908.589402	
1363354908.732501	
0.143099	
0	
129.173.67.123	
49181	
74.125.226.195	
80	
6	
5	
http	
5	
4	
109	
176	
0	
109	
21.799999	
34.940845	
761.710449	
0.111111	
-0.235088	
0	
6	
128	
128	
0	
0x00	
0x1c40	
0	
0x00_0x00000000	
4	
110	
0	
2	
176	
0	
65535	
65445.238281	
65359	
0	
1	
0	
0	
0x1b	
0x0001	
1	
6	
0x0000001e	
1460	
0	
0.033217	
0.033260	
0.033331	
0.033331	
0.033263	
0x00	
0x00000000_0x0000	
0.000000	
20	
1	
2	
0.000000	
109.000000	
21.799999	
0.000000	
0.000000	
27.250000	
27.250000	
0.000000	
109.000000	
43.599998	
20.200424	
1.500000	
0.250000	
2.500000	
77.500000	
36.250000	
32.500000	
32.500000	
77.500000	
45.000000	
32.500000	
75.000000	
30.923292	
30.923292	
0.411847	
-0.961938	
0_0.000000;0_0.033260;109_0.000360;0_0.076371;0_0.033108	
0_0_1_4_2;0_30_2_4_2;0_75_1_4_1;109_0_1_1_2	
9.0	
285.0	
00:1e:8c:f5:62:6f	
00:15:17:77:34:57	

B	
24	
0x0003	
1363354908.622619	
1363354908.732462	
0.109843	
0	
74.125.226.195	
80	
129.173.67.123	
49181	
6	
4	
http	
4	
5	
176	
109	
0	
176	
44.000000	
36.415611	
1602.286865	
-0.111111	
0.235088	
0	
2	
56	
56	
0	
0x00	
0x1800	
0	
0x00_0x00000000	
4	
176	
0	
2	
109	
0	
4026880	
1422595.000000	
62976	
0	
1	
0	
0	
0x1b	
0x0003	
1	
6	
0x0000001e	
1430	
6	
0.000043	
0.000000	
65535.000000	
0.000000	
0.000043	
0x00	
0x00000000_0x0000	
0.000000	
1	
20	
2	
0.000000	
176.000000	
44.000000	
0.000000	
0.000000	
88.000000	
88.000000	
0.000000	
176.000000	
76.210236	
65.234398	
1.154701	
-0.666667	
32.500000	
42.500000	
35.833332	
32.500000	
37.500000	
42.500000	
10.000000	
32.500000	
10.000000	
5.773502	
5.773502	
0.707108	
-1.499999	
0_0.000000;0_0.033734;176_0.042696;0_0.033413	
0_0_1_3_1;0_30_2_3_2;176_40_1_1_1	
9.0	
285.0	
00:15:17:77:34:57	
00:1e:8c:f5:62:6f	

A	
25	
0x0002	
1363354908.612221	
1363354908.757221	
0.145000	
0	
129.173.67.123	
49182	
74.125.226.195	
80	
6	
5	
http	
5	
4	
109	
176	
0	
109	
21.799999	
34.482758	
751.724121	
0.111111	
-0.235088	
0	
7	
128	
128	
0	
0x00	
0x1c40	
0	
0x00_0x00000000	
4	
110	
0	
2	
176	
0	
65535	
65445.238281	
65359	
0	
1	
0	
0	
0x1b	
0x0001	
1	
6	
0x0000001e	
1460	
0	
0.033257	
0.033298	
0.033401	
0.033401	
0.033315	
0x00	
0x00000000_0x0000	
0.000000	
20	
1	
1	
0.000000	
109.000000	
21.799999	
0.000000	
0.000000	
27.250000	
27.250000	
0.000000	
109.000000	
43.599998	
20.200424	
1.500000	
0.250000	
2.500000	
77.500000	
36.250000	
32.500000	
32.500000	
77.500000	
45.000000	
32.500000	
75.000000	
30.923292	
30.923292	
0.411847	
-0.961938	
0_0.000000;0_0.033298;109_0.000337;0_0.078325;0_0.033040	
0_0_1_4_2;0_30_2_4_2;0_75_1_4_1;109_0_1_1_2	
9.0	
285.0	
00:1e:8c:f5:62:6f	
00:15:17:77:34:57	

B	
25	
0x0003	
1363354908.645478	
1363354908.757176	
0.111698	
0	
74.125.226.195	
80	
129.173.67.123	
49182	
6	
4	
http	
4	
5	
176	
109	
0	
176	
44.000000	
35.810848	
1575.677246	
-0.111111	
0.235088	
0	
2	
56	
56	
0	
0x00	
0x1800	
0	
0x00_0x00000000	
4	
176	
0	
2	
109	
0	
4026880	
1422595.000000	
62976	
0	
1	
0	
0	
0x1b	
0x0003	
1	
6	
0x0000001e	
1430	
6	
0.000041	
0.000000	
65535.000000	
0.000000	
0.000041	
0x00	
0x00000000_0x0000	
0.000000	
1	
20	
1	
0.000000	
176.000000	
44.000000	
0.000000	
0.000000	
88.000000	
88.000000	
0.000000	
176.000000	
76.210236	
65.234398	
1.154701	
-0.666667	
32.500000	
42.500000	
35.833332	
32.500000	
37.500000	
42.500000	
10.000000	
32.500000	
10.000000	
5.773502	
5.773502	
0.707108	
-1.499999	
0_0.000000;0_0.033779;176_0.044654;0_0.033265	
0_0_1_3_1;0_30_2_3_2;176_40_1_1_1	
9.0	
285.0	
00:15:17:77:34:57	
00:1e:8c:f5:62:6f	

A	
28	
0x0002	
1363354908.702752	
1363354909.119017	
0.416265	
0	
129.173.67.123	
49183	
74.125.226.194	
80	
6	
5	
http	
5	
4	
113	
699	
0	
113	
22.600000	
12.011580	
271.461700	
0.111111	
-0.721675	
0	
4	
128	
128	
0	
0x00	
0x1c40	
0	
0x00_0x00000000	
4	
114	
0	
2	
699	
0	
65535	
65178.511719	
64836	
0	
1	
0	
0	
0x1b	
0x0001	
1	
6	
0x0000001e	
1460	
0	
0.033268	
0.033325	
0.033298	
0.033298	
0.033280	
0x00	
0x00000000_0x0000	
0.000000	
19	
1	
2	
0.000000	
113.000000	
22.600000	
0.000000	
0.000000	
28.250000	
28.250000	
0.000000	
113.000000	
45.200001	
20.941725	
1.500000	
0.250000	
2.500000	
345.000000	
103.125000	
32.500000	
32.500000	
345.000000	
312.500000	
32.500000	
342.500000	
161.868973	
161.868973	
1.127790	
-0.685633	
0_0.000000;0_0.033325;113_0.000128;0_0.349701;0_0.033111	
0_0_1_4_2;0_30_2_4_2;0_340_1_4_1;113_0_1_1_2	
9.0	
812.0	
00:1e:8c:f5:62:6f	
00:15:17:77:34:57	

B	
28	
0x0003	
1363354908.736020	
1363354909.118941	
0.382921	
0	
74.125.226.194	
80	
129.173.67.123	
49183	
6	
4	
http	
4	
5	
699	
113	
0	
699	
174.750000	
10.446019	
1825.441772	
-0.111111	
0.721675	
0	
2	
56	
56	
0	
0x00	
0x1800	
0	
0x00_0x00000000	
4	
699	
0	
2	
113	
0	
4026880	
1422595.000000	
62976	
0	
1	
0	
0	
0x1b	
0x0003	
1	
6	
0x0000001e	
1430	
6	
0.000057	
0.000000	
65535.000000	
0.000000	
0.000057	
0x00	
0x00000000_0x0000	
0.000000	
1	
19	
2	
0.000000	
699.000000	
174.750000	
0.000000	
0.000000	
349.500000	
349.500000	
0.000000	
699.000000	
302.675873	
259.084351	
1.154701	
-0.666667	
32.500000	
315.000000	
126.666664	
32.500000	
173.750000	
315.000000	
282.500000	
32.500000	
282.500000	
163.101456	
163.101456	
0.707107	
-1.500000	
0_0.000000;0_0.033483;699_0.315245;0_0.034193	
0_0_1_3_1;0_30_2_3_2;699_310_1_1_1	
9.0	
812.0	
00:15:17:77:34:57	
00:1e:8c:f5:62:6f	

A	
29	
0x0002	
1363354908.725909	
1363354909.171333	
0.445424	
0	
129.173.67.123	
49184	
74.125.226.194	
80	
6	
5	
http	
5	
4	
113	
699	
0	
113	
22.600000	
11.225260	
253.690872	
0.111111	
-0.721675	
0	
5	
128	
128	
0	
0x00	
0x1c40	
0	
0x00_0x00000000	
4	
114	
0	
2	
699	
0	
65535	
65178.511719	
64836	
0	
1	
0	
0	
0x1b	
0x0001	
1	
6	
0x0000001e	
1460	
0	
0.033068	
0.033121	
0.033500	
0.033500	
0.033241	
0x00	
0x00000000_0x0000	
0.000000	
19	
1	
1	
0.000000	
113.000000	
22.600000	
0.000000	
0.000000	
28.250000	
28.250000	
0.000000	
113.000000	
45.200001	
20.941725	
1.500000	
0.250000	
2.500000	
375.000000	
110.625000	
32.500000	
32.500000	
375.000000	
342.500000	
32.500000	
372.500000	
176.816467	
176.816467	
1.132176	
-0.682669	
0_0.000000;0_0.033121;113_0.000154;0_0.378930;0_0.033219	
0_0_1_4_2;0_30_2_4_2;0_370_1_4_1;113_0_1_1_2	
9.0	
812.0	
00:1e:8c:f5:62:6f	
00:15:17:77:34:57	

B	
29	
0x0003	
1363354908.758977	
1363354909.171267	
0.412290	
0	
74.125.226.194	
80	
129.173.67.123	
49184	
6	
4	
http	
4	
5	
699	
113	
0	
699	
174.750000	
9.701909	
1695.408569	
-0.111111	
0.721675	
0	
3	
56	
56	
0	
0x00	
0x1800	
0	
0x00_0x00000000	
4	
699	
0	
2	
113	
0	
4026880	
1422595.000000	
62976	
0	
1	
0	
0	
0x1b	
0x0003	
1	
6	
0x0000001e	
1430	
6	
0.000053	
0.000000	
65535.000000	
0.000000	
0.000053	
0x00	
0x00000000_0x0000	
0.000000	
1	
19	
1	
0.000000	
699.000000	
174.750000	
0.000000	
0.000000	
349.500000	
349.500000	
0.000000	
699.000000	
302.675873	
259.084351	
1.154701	
-0.666667	
32.500000	
345.000000	
136.666672	
32.500000	
188.750000	
345.000000	
312.500000	
32.500000	
312.500000	
180.421967	
180.421967	
0.707107	
-1.500000	
0_0.000000;0_0.033707;699_0.344520;0_0.034063	
0_0_1_3_1;0_30_2_3_2;699_340_1_1_1	
9.0	
812.0	
00:15:17:77:34:57	
00:1e:8c:f5:62:6f	

A	
32	
0x0002	
1363354909.183725	
1363354909.394041	
0.210316	
0	
129.173.67.123	
49185	
98.138.253.109	
80	
6	
5	
http	
5	
5	
107	
228	
0	
107	
21.400000	
23.773750	
508.758240	
0.000000	
-0.361194	
0	
3	
128	
128	
0	
0x00	
0x1c40	
0	
0x00_0x00000000	
4	
107	
0	
1	
228	
0	
65535	
65418.722656	
65307	
0	
1	
0	
0	
0x1b	
0x0001	
1	
6	
0x0000001e	
1460	
0	
0.105447	
0.105516	
0.103688	
0.103688	
0.104743	
0x00	
0x00000000_0x0000	
0.000000	
18	
1	
2	
0.000000	
107.000000	
21.400000	
0.000000	
0.000000	
26.750000	
26.750000	
0.000000	
107.000000	
42.799999	
19.829775	
1.500000	
0.250000	
2.500000	
107.500000	
53.750000	
2.500000	
102.500000	
107.500000	
105.000000	
2.500000	
105.000000	
59.213596	
59.213596	
0.003563	
-1.995251	
0_0.000000;0_0.105516;107_0.000361;0_0.104373;0_0.000066	
0_0_2_4_3;0_100_1_4_1;0_105_1_4_1;107_0_1_1_3	
10.0	
335.0	
00:1e:8c:f5:62:6f	
00:15:17:77:34:57	

B	
32	
0x0003	
1363354909.289172	
1363354909.497250	
0.208078	
0	
98.138.253.109	
80	
129.173.67.123	
49185	
6	
5	
http	
5	
5	
228	
107	
0	
228	
45.599998	
24.029451	
1095.742920	
0.000000	
0.361194	
0	
61418	
50	
115	
1	
0x00	
0x1842	
0	
0x00_0x00000000	
5	
229	
0	
2	
107	
0	
2097152	
508000.437500	
5888	
0	
1	
0	
0	
0x1b	
0x0003	
1	
6	
0x0000001e	
1460	
8	
0.000069	
0.104800	
0.000038	
0.000038	
0.000057	
0x00	
0x00000000_0x0000	
0.000000	
1	
18	
2	
0.000000	
228.000000	
45.599998	
0.000000	
0.000000	
57.000000	
57.000000	
0.000000	
228.000000	
91.199997	
42.254101	
1.500000	
0.250000	
2.500000	
102.500000	
52.500000	
2.500000	
102.500000	
102.500000	
100.000000	
2.500000	
100.000000	
57.735027	
57.735027	
0.000000	
-2.000000	
0_0.000000;0_0.104118;228_0.000336;0_0.000311;0_0.103313	
0_0_2_4_3;0_100_2_4_2;228_0_1_1_3	
10.0	
335.0	
00:15:17:77:34:57	
00:1e:8c:f5:62:6f	

A	
33	
0x0002	
1363354909.197879	
1363354909.406944	
0.209065	
0	
129.173.67.123	
49186	
98.138.253.109	
80	
6	
5	
http	
5	
5	
107	
228	
0	
107	
21.400000	
23.916006	
511.802551	
0.000000	
-0.361194	
0	
4	
128	
128	
0	
0x00	
0x1c40	
0	
0x00_0x00000000	
4	
107	
0	
1	
228	
0	
65535	
65418.722656	
65307	
0	
1	
0	
0	
0x1b	
0x0001	
1	
6	
0x0000001e	
1460	
0	
0.103641	
0.103695	
0.104056	
0.104056	
0.103807	
0x00	
0x00000000_0x0000	
0.000000	
18	
1	
1	
0.000000	
107.000000	
21.400000	
0.000000	
0.000000	
26.750000	
26.750000	
0.000000	
107.000000	
42.799999	
19.829775	
1.500000	
0.250000	
2.500000	
102.500000	
52.500000	
2.500000	
102.500000	
102.500000	
100.000000	
2.500000	
100.000000	
57.735027	
57.735027	
0.000000	
-2.000000	
0_0.000000;0_0.103695;107_0.000418;0_0.104549;0_0.000403	
0_0_2_4_3;0_100_2_4_2;107_0_1_1_3	
10.0	
335.0	
00:1e:8c:f5:62:6f	
00:15:17:77:34:57	

B	
33	
0x0003	
1363354909.301520	
1363354909.510282	
0.208762	
0	
98.138.253.109	
80	
129.173.67.123	
49186	
6	
5	
http	
5	
5	
228	
107	
0	
228	
45.599998	
23.950720	
1092.152832	
0.000000	
0.361194	
0	
33917	
50	
115	
1	
0x00	
0x1842	
0	
0x00_0x00000000	
5	
229	
0	
2	
107	
0	
2097152	
514809.187500	
14848	
0	
1	
0	
0	
0x1b	
0x0003	
1	
6	
0x0000001e	
1460	
8	
0.000054	
0.103863	
0.000060	
0.000060	
0.000056	
0x00	
0x00000000_0x0000	
0.000000	
1	
18	
1	
0.000000	
228.000000	
45.599998	
0.000000	
0.000000	
57.000000	
57.000000	
0.000000	
228.000000	
91.199997	
42.254101	
1.500000	
0.250000	
2.500000	
102.500000	
52.500000	
2.500000	
102.500000	
102.500000	
100.000000	
2.500000	
100.000000	
57.735027	
57.735027	
0.000000	
-2.000000	
0_0.000000;0_0.104528;228_0.000432;0_0.000001;0_0.103801	
0_0_2_4_3;0_100_2_4_2;228_0_1_1_3	
10.0	
335.0	
00:15:17:77:34:57	
00:1e:8c:f5:62:6f	

A	
38	
0x0002	
1363354909.511752	
1363354909.668990	
0.157238	
0	
129.173.67.123	
49187	
98.139.183.24	
80	
6	
5	
http	
5	
4	
111	
774	
0	
111	
22.200001	
31.798929	
705.936218	
0.111111	
-0.749153	
0	
6	
128	
128	
0	
0x00	
0x1c40	
0	
0x00_0x00000000	
4	
112	
0	
2	
774	
0	
65535	
65140.261719	
64761	
0	
1	
0	
0	
0x1b	
0x0001	
1	
6	
0x0000001e	
1460	
0	
0.044010	
0.044073	
0.044573	
0.044573	
0.044235	
0x00	
0x00000000_0x0000	
0.000000	
17	
1	
4	
0.000000	
111.000000	
22.200001	
0.000000	
0.000000	
27.750000	
27.750000	
0.000000	
111.000000	
44.400002	
20.571075	
1.500000	
0.250000	
2.500000	
67.500000	
38.750000	
42.500000	
42.500000	
67.500000	
25.000000	
42.500000	
65.000000	
26.887110	
18.532499	
-0.470614	
-0.950145	
0_0.000000;0_0.044073;111_0.000152;0_0.068474;0_0.044539	
0_0_1_4_2;0_40_2_4_2;0_65_1_4_1;111_0_1_1_2	
9.0	
885.0	
00:1e:8c:f5:62:6f	
00:15:17:77:34:57	

B	
38	
0x0003	
1363354909.555762	
1363354909.668934	
0.113172	
0	
98.139.183.24	
80	
129.173.67.123	
49187	
6	
4	
http	
4	
5	
774	
111	
0	
774	
193.500000	
35.344433	
6839.147461	
-0.111111	
0.749153	
0	
23992	
52	
117	
1	
0x00	
0x1842	
0	
0x00_0x00000000	
4	
774	
0	
2	
111	
0	
2097152	
723191.500000	
5888	
0	
1	
0	
0	
0x1b	
0x0003	
1	
6	
0x0000001e	
1460	
8	
0.000063	
0.000000	
65535.000000	
0.000000	
0.000063	
0x00	
0x00000000_0x0000	
0.000000	
1	
17	
4	
0.000000	
774.000000	
193.500000	
0.000000	
0.000000	
387.000000	
387.000000	
0.000000	
774.000000	
335.151825	
286.883087	
1.154701	
-0.666667	
22.500000	
47.500000	
37.500000	
42.500000	
45.000000	
47.500000	
5.000000	
22.500000	
25.000000	
13.228757	
3.706500	
-0.595170	
-1.500000	
0_0.000000;0_0.044788;774_0.023069;0_0.045315	
0_0_1_3_1;0_40_1_3_1;0_45_1_3_1;774_20_1_1_1	
9.0	
885.0	
00:15:17:77:34:57	
00:1e:8c:f5:62:6f	

A	
39	
0x0002	
1363354909.511831	
1363354909.679553	
0.167722	
0	
129.173.67.123	
49188	
98.139.183.24	
80	
6	
5	
http	
5	
4	
111	
774	
0	
111	
22.200001	
29.811235	
661.809448	
0.111111	
-0.749153	
0	
5	
128	
128	
0	
0x00	
0x1c40	
0	
0x00_0x00000000	
4	
112	
0	
2	
774	
0	
65535	
65140.261719	
64761	
0	
1	
0	
0	
0x1b	
0x0001	
1	
6	
0x0000001e	
1460	
0	
0.046398	
0.046444	
0.046881	
0.046881	
0.046591	
0x00	
0x00000000_0x0000	
0.000000	
17	
1	
3	
0.000000	
111.000000	
22.200001	
0.000000	
0.000000	
27.750000	
27.750000	
0.000000	
111.000000	
44.400002	
20.571075	
1.500000	
0.250000	
2.500000	
72